Date,Open,High,Low,Close,Volume,Dividends,Stock Splits
2024-11-04 00:00:00-05:00,244.55999755859375,248.89999389648438,238.8800048828125,242.83999633789062,68802400,0.0,0.0
2024-11-05 00:00:00-05:00,247.33999633789062,255.27999877929688,246.2100067138672,251.44000244140625,69282500,0.0,0.0
2024-11-06 00:00:00-05:00,284.6700134277344,289.5899963378906,275.6199951171875,288.5299987792969,165228700,0.0,0.0
2024-11-07 00:00:00-05:00,288.8900146484375,299.75,285.5199890136719,296.9100036621094,117309200,0.0,0.0
2024-11-08 00:00:00-05:00,299.1400146484375,328.7099914550781,297.6600036621094,321.2200012207031,204782800,0.0,0.0
2024-11-11 00:00:00-05:00,346.29998779296875,358.6400146484375,336.0,350.0,210521600,0.0,0.0
2024-11-12 00:00:00-05:00,342.739990234375,345.8399963378906,323.30999755859375,328.489990234375,155726000,0.0,0.0
2024-11-13 00:00:00-05:00,335.8500061035156,344.6000061035156,322.5,330.239990234375,125405600,0.0,0.0
2024-11-14 00:00:00-05:00,327.69000244140625,329.9800109863281,310.3699951171875,311.17999267578125,120726100,0.0,0.0
2024-11-15 00:00:00-05:00,310.57000732421875,324.67999267578125,309.2200012207031,320.7200012207031,114440300,0.0,0.0
2024-11-18 00:00:00-05:00,340.7300109863281,348.54998779296875,330.010009765625,338.739990234375,126547500,0.0,0.0
2024-11-19 00:00:00-05:00,335.760009765625,347.3800048828125,332.75,346.0,88852500,0.0,0.0
2024-11-20 00:00:00-05:00,345.0,346.6000061035156,334.29998779296875,342.0299987792969,66340700,0.0,0.0
2024-11-21 00:00:00-05:00,343.80999755859375,347.989990234375,335.2799987792969,339.6400146484375,58011700,0.0,0.0
2024-11-22 00:00:00-05:00,341.0899963378906,361.5299987792969,337.70001220703125,352.55999755859375,89140700,0.0,0.0
2024-11-25 00:00:00-05:00,360.1400146484375,361.92999267578125,338.20001220703125,338.5899963378906,95890900,0.0,0.0
2024-11-26 00:00:00-05:00,341.0,346.9599914550781,335.6600036621094,338.2300109863281,62295900,0.0,0.0
2024-11-27 00:00:00-05:00,341.79998779296875,342.54998779296875,326.5899963378906,332.8900146484375,57896400,0.0,0.0
2024-11-29 00:00:00-05:00,336.0799865722656,345.45001220703125,334.6499938964844,345.1600036621094,37167600,0.0,0.0
2024-12-02 00:00:00-05:00,352.3800048828125,360.0,351.1499938964844,357.0899963378906,77986500,0.0,0.0
2024-12-03 00:00:00-05:00,351.79998779296875,355.69000244140625,348.20001220703125,351.4200134277344,58081600,0.0,0.0
2024-12-04 00:00:00-05:00,353.0400085449219,353.4200134277344,348.6000061035156,351.49139404296875,13436037,0.0,0.0
